[Timestamp]
Date = 2026-03-25
Time = 14:01:48

[SaveMode]
Mode = SAVE_TOFILE

[ADC]
NumChannels       = 2
HalfBufSamples    = 1048576
ScansPerHalf      = 524288
SampsPerTrig      = 128
RangeIndex        = 0
VoltageRange_V    = 5.000
TimebaseIndex     = 0
ImpedanceIndex    = 0
DataType          = U16

[DDS_Settings]
ChirpMode         = 0
ClockMHz          = 3500.000000
StartFreqMHz      = 500.000000
StopFreqMHz       = 1000.000000
RequestedPeriod_us= 14.040000
CW_FreqMHz        = 750.000000

[DDS_Actual]
ActualStartMHz    = 500.000000
ActualStopMHz     = 1000.243426
ActualPeriod_us   = 14.043429

[Timing]
HMC432_Divider    = 8
ProgDivider       = 1024
SampsPerChirp     = 128
SyncClkMHz        = 145.833333
ADC_ClkMHz        = 9.114583
TrigFreqHz        = 8900.960
DRCTRL_Period_us  = 112.347429
ChirpSteps        = 2048
CalcChirpPeriod_us= 14.043429
DeadTime_us       = 98.304000
DeadSamples       = 896
MinProgDivider    = 129
